150.0 300.0 60.0 350.0 5.0 10.0 8.0 15.0 12.0 1.5 124.15990253791685
190.99208338551693 260.8579384011551 62.270095993361565 365.7089406312257 17.50483745812368 170.98706785246785 56.849041602837296 65.03911591444876 88.71735218966211 1.8463200767501056 110.62704654577955
143.55981774704284 286.98764551191715 55.262256770974574 329.88805425180925 2.1895183302654164 40.93749166106928 20.799259281552448 198.62337025366486 85.42102759837509 1.6885798581606637 32.5025222550676
136.96973678940196 375.86838755057016 64.03013280461047 344.78609227469934 6.296699766723098 0.8520368076170515 92.1571238883092 86.52160122269652 56.773388607320264 1.246491266386052 39.597163144397044
185.2186178851981 226.82502911778363 67.47131699943287 372.30100201229226 3.5721794877468227 141.39509370852423 32.16887657973122 89.52000330610893 24.47555972533921 1.0881150490398492 31.302309957159903
182.22069131507624 329.1205333246738 59.62521538850039 364.9904286267262 1.0375629928799568 167.0877813766936 53.31963405785426 111.70787053802012 47.67562333061158 1.2110767932231838 21.069061977667538
166.54662618619813 202.70100566392517 62.18680288287233 377.77129742605894 5.977005376114839 143.65242662076955 6.4193719718896185 160.65100023211315 81.89162320674235 1.6385216394646092 98.64283392575913
147.20439126493045 235.00570951863594 54.096218796923914 356.0491881912174 18.04423134735912 170.0697373157435 96.06989886895228 143.5046764084287 11.921812442347333 1.8489682337158033 81.13426571128687
129.26122985157133 307.9472061790194 55.37275651595302 367.244503761846 2.3247963789283754 88.68433718767051 16.139668221148323 36.65037560656111 88.1942669862981 1.0497960724973268 25.916090757734306
156.0468526722472 208.8199729255013 61.27729290376826 343.642396496139 1.920117374067587 120.42743775594076 12.046592188249658 48.5205736416602 73.84679719382416 1.5115624277716218 13.050875373442443
187.0224036885091 252.82810568809595 53.83742823958823 374.75106321170654 6.515835716463984 72.58727054587442 34.00794531467174 157.21112873875336 7.608172940645068 1.0962992962617244 25.2455997311543
107.7955415514316 235.32937501406968 57.05638433092642 364.60530223630417 7.008465564942563 41.11831448751984 22.973289657704754 105.96217056255033 68.43551294982409 1.6699744814439934 74.52192807154917
128.74593816323193 213.77131061207072 55.84099402096812 357.87571927037527 7.6674567188675535 33.689954969268896 20.67031101921595 119.39635821804016 73.70232046098764 1.321790640128258 83.48265685196897
185.80431214738087 220.67486547185933 57.35454973636314 375.4819415134053 6.409012733631108 186.97216031294803 10.26518824850174 103.18343087156616 4.906209891414811 1.1700442988392346 50.12393226611485
144.55584434699773 298.44703150187047 50.779782971636976 350.76281615359767 8.562912820325835 44.04700115399074 94.65956547101855 186.74871632203087 38.91628308804582 1.1787459272443264 48.73923502220743
106.89795056631088 314.9180217754194 66.27853879636643 311.4252971538607 11.657506699973823 151.61150951042376 25.121787834086465 44.71480902829215 79.01170039648973 1.4300715861467517 16.0463856993339
190.30351261084616 213.03671980539934 59.92340563493328 301.9298179317585 8.92602312884768 58.76464757797122 79.8745948783424 22.105852933421826 95.75299552534055 1.2573493496875867 72.68813924491526
111.40053809754454 375.02996911778996 63.11804151829366 377.4502703168983 4.496175480102873 156.07111635133643 33.45548138479676 159.8114356112364 45.98646610278514 1.3479231358549946 0.5509625748792458
124.98361764177427 342.98777265692627 52.86686488839299 395.2125499567623 13.153374691968844 60.03581350705036 2.1933170963430078 60.15375203851076 14.18932577696877 1.7540411135227412 59.20650525472293
141.66421276423716 311.0627183559244 57.953497564493034 382.0552515754953 13.296130981665105 57.72162475821774 58.9616259095888 94.96682069887329 69.16358177665296 1.5926551113058292 2.520798130153212
188.92299737196214 327.7041704520751 66.02523680583386 328.2330978849597 5.422038463558756 186.73232940329464 34.328747727162565 97.54486250470656 16.1847572573069 1.8867760020827231 597.3010921354347
136.54460333361777 234.34605732970854 54.12098530220806 318.37020222580514 18.64434642859988 2.6768686609790366 18.12157054549251 169.99082180597847 97.39302841873517 1.2053981698475793 17.42951822979876
112.84740523437966 335.57887464746386 51.31938108018487 385.55131216370097 4.005476695419348 109.74731673205348 89.74353229923425 157.05047861342064 95.99801505827143 1.5020934788649063 10.127645919934045
168.07386126122134 280.4387827756007 57.946738039578065 376.2800962188143 11.107452644816561 32.3695627236843 77.4276655667757 100.97120286926949 57.55886778142026 1.4016275028811596 8.862721654373397
197.31868873606805 271.86525659421284 68.8927909136978 395.2456950138302 11.692343198952429 114.20796414570995 9.676486234731213 10.501516806883693 2.32757791926429 1.3942303247983008 160.01052124150166
163.8041715613984 320.2763385263206 67.55516456017172 339.4559244426851 5.578985447174172 182.82150553629836 13.577545564187442 60.82839011304645 92.8359387499796 1.5659788770700127 458.3302904891199
195.04031622705972 358.6751617499386 66.80435419120099 345.8063647377745 13.263618793156322 59.60850792797709 6.833777199040978 62.19089777640463 25.63195362451533 1.4631251457327061 2775.1468392496768
161.40338014366486 309.09682635547864 67.42089381883929 357.0672759966295 0.536302967819462 104.20996385205711 63.42454684995083 103.5909037938008 25.159356721190843 1.4315568404998502 118.18908518362618
132.4935547406323 394.7906854565665 67.6291400229291 336.8717481196775 16.37360988021809 110.17002835993607 4.297538394664051 84.88320306394962 55.33064837641031 1.0985068120800925 34.272503183556786
